1000000158
1000000488
1000000492
1000000715
1000000867
1000000921
1000000925
1000000984
1000001140
1000001215
1000001389
1000001485
1000001507
1000001523
1000001595
1000001627
1000001638
1000001649
1000001652
1000001684
1000001759
1000001782
1000001933
1000001971
1000002020
1000002270
1000002304
1000002371
1000002403
1000002441
1000002519
1000002567
1000002586
1000002596
1000002673
1000002701
1000002712
1000002819
1000002833
1000002921
1000002983
1000002984
1000002989
1000003044
1000003111
1000003201
1000003218
1000003219
1000003445
1000003570
1000003588
1000003685
1000004082
1000004381
1000004549
1000004647
1000004668
1000005554
1000005670
1000005711
1000005755
1000005762
1000006863
1000007181
1000007627
1000007666
1000007812
1000008082
1000008146
1000008721
1000008722
1000008845
1000009521
1000009621
1000009661
1000009921
1000010181
1000010681
1000011225
1000011242
1000012961
1000013972
1000014142
1000014286
1000014663
1000014781
1000015463
1000015504
1000015568
1000015583
1000016162
1000016326
1000016345
1000016381
1000016826
1000040105
1000062142
1000072303
1000072622
1000074984
1000075344
1000076462
1000077448
1000078145
1000078242
1000078334
1000079284
1000079428
1000079866
1000080006
1000080704
1000081124
1000081185
1000081681
1000081881
1000083283
1000083421
1000083766
1000084001
1000084983
1000085082
1000085162
1000085868
1000086084
1000086162
1000086237
1000086342
1000086442
1000086749
1000087025
1000087330
1000088805
1000088881
1000089686
1000089904
1000090370
1000090461
1000090625
1000090821
1000090823
1000090906
1000091266
1000091274
1000091721
1000091870
1000092208
1000092534
1000092586
1000092950
1000094028
1000094452
1000094461
1000095543
1000095862
1000097079
1000097201
1000097203
1000097462
1000098706
1000100295
1000100563
1000100862
1000100946
1000100948
1000101141
1000101263
1000101662
1000101893
1000101918
1000102384
1000102442
1000102602
1000102631
1000102785
1000102990
1000104643
1000105594
1000106108
1000106848
1000108701
1000108941
1000110084
1000110126
1000110642
1000111501
1000114166
1000116702
1000118182
1000121761
1000121844
1000123965
1000125569
1000128743
1000130664
1000132404
1000132541
1000146301
1000146504
1000147303
1000148202
1000148581
1000154569
1000158923
1000160041
1000166181
1000168224
1000168702
1000172566
1000178327
1000195451
1000196845
1000204438
1000204748
1000208883
1000209463
1000212182
1000221763
1000221903
1000224066
1000226281
1000243866
1000262111
1000264894
1000271670
1000280701
1000282404
1000286162
1000294754
1000296942
1000297142
1000300274
1000300485
1000300806
1000301061
1000301579
1000301853
1000302787
1000302849
1000304502
1000305081
1000306683
1000307823
1000307901
1000308742
1000308803
1000313664
1000324022
1000324325
1000328981
1000329401
1000330383
1000330405
1000331062
1000331477
1000331553
1000332064
1000332081
1000332881
1000332882
1000333007
1000334041
1000334325
1000335063
1000335423
1000336384
1000336917
1000337687
1000339462
1000342442
1000343085
1000344046
1000344563
1000344868
1000345164
1000346966
1000347404
1000347483
1000347842
1000348305
1000349265
1000349323
1000349962
1000351662
1000351887
1000351961
1000352110
1000352904
1000352942
1000353064
1000355061
10025612
10040792
10041571
10044221
10047528
10051821
10056387
10059709
10064356
10066809
10069694
10071115
10075479
10075703
10075831
10090587
10095657
10096857
10101520
10108952
10122362
10129717
10135785
10135928
10138259
10138996
10139949
10140422
10142949
10143490
10144734
10145819
10149074
10158629
10162290
10162292
10164231
10170504
10173369
10175519
10181475
10187997
10190484
10201114
10205439
10212263
10212325
10213158
10214507
10221859
10223471
10223680
10226814
10227414
10230079
10230348
10230419
10236440
10238469
10243705
10250212
10256368
10256700
10268308
10270451
10273932
10276102
10279194
10279199
10280168
10280447
10281015
10286691
10287665
10288677
10290527
10292354
102936
10295377
10295636
10296033
10296499
102970
10300651
10301949
10302570
10303300
10304465
10314911
10317240
10318516
10323917
10327283
10329583
10333294
10334929
10339186
10345073
10345463
10349139
10352517
10360042
10366441
10370306
10371886
10372407
10375931
10376062
10376536
10378386
10382832
105389
108153
109386
109983
120907
126228
129134
12961
130904
131651
134989
135858
139348
143294
14391
144509
145384
147178
152331
158382
158740
159440
166535
168198
169781
17153
17376
176265
17710
180206
185645
186760
190743
19218
196888
198429
201678
204620
206777
20739
213163
213887
215959
23130
24299
26259
26366
28910
29612
30081
30284
32494
33263
34621
35598
37160
38360
39348
42691
42882
43023
46438
46468
47925
53626
54866
54985
54994
55102
55848
580488
582335
58430
59323
601923
604793
606078
612286
627730
628903
629871
631415
634199
63471
638936
643081
644553
648953
650453
650679
654200
654350
658701
659245
660102
665599
668604
670597
671243
672952
68140
685567
686038
687422
689628
690348
692231
697724
699657
700393
705184
708522
70932
709467
713993
714533
716778
721420
721466
731240
742791
742933
746330
748427
750753
751612
752168
756204
763231
763688
765827
768602
770786
774587
776395
785303
793876
79884
800100
806169
806278
808397
81079
815438
821932
824379
825285
825482
826889
828144
845359
84863
851536
860076
872230
87984
887018
889078
889623
