1000132541
1000003445
10329583
806278
10256700
1000008722
1000011242
46468
1000102384
1000001638
10181475
1000001627
213887
10221859
765827
1000110642
10164231
1000079866
130904
742933
10295377
145384
845359
10212263
10345463
68140
10300651
643081
147178
1000111501
1000001523
768602
1000002596
1000011225
1000118182
26259
654350
1000002020
1000349323
1000085868
634199
10044221
1000330405
692231
1000091721
109386
10230348
1000344563
102970
1000146504
1000094028
1000007812
1000090906
10144734
1000091870
10273932
1000014663
1000007181
721466
1000337687
10378386
29612
10056387
1000086237
638936
196888
1000301853
808397
1000108941
1000335423
1000104643
1000005670
10327283
131651
1000110084
1000007627
785303
1000102442
658701
14391
1000349962
10280447
708522
10243705
1000301061
770786
1000007666
1000121761
1000116702
1000280701
10213158
1000090821
166535
1000004082
10288677
1000102631
1000347404
54985
1000306683
1000003044
644553
1000091274
1000003588
10069694
1000095543
1000168224
606078
17153
1000332081
17376
10281015
1000083766
1000100946
10138996
34621
1000001507
20739
1000330383
1000300274
1000130664
10236440
1000092208
1000001684
206777
654200
1000014142
10139949
1000345164
1000221763
1000002441
1000100295
10201114
1000086749
10075831
42691
1000002833
1000079428
10290527
1000015583
668604
1000016162
1000101918
1000160041
612286
1000003111
1000208883
102936
1000097203
1000001389
1000348305
660102
1000212182
37160
1000224066
650453
1000332064
1000004381
1000351961
1000095862
1000331062
24299
1000148202
1000132404
10187997
763231
1000002567
604793
1000282404
1000100948
54866
10371886
53626
10223471
1000000867
1000342442
10375931
1000195451
1000178327
1000158923
1000075344
1000304502
42882
10238469
10295636
10190484
1000077448
10223680
806169
10064356
1000302787
1000016381
23130
105389
1000308742
1000089686
17710
1000081185
10142949
1000004549
1000009521
1000005554
1000108701
1000088805
1000351662
1000102602
10301949
58430
10158629
1000347483
1000002701
10317240
26366
1000072303
1000101893
215959
1000097201
1000334325
1000078145
1000084001
1000106848
748427
30081
631415
1000336917
1000008082
1000087025
1000102990
10135785
1000004647
1000003219
1000040105
665599
1000101662
1000331477
10318516
1000003218
39348
1000305081
10143490
198429
1000313664
1000332882
1000308803
1000100862
826889
1000009921
33263
55102
10059709
1000300485
10226814
1000168702
1000086342
851536
825482
1000221903
1000079284
1000003570
1000329401
190743
81079
10323917
1000154569
1000005762
672952
752168
699657
889623
10303300
19218
1000346966
10287665
1000083283
1000000984
10360042
1000128743
169781
1000102785
1000001971
1000002519
1000351887
79884
1000006863
1000015463
1000080704
1000000921
1000125569
1000110126
10075479
1000300806
10280168
10071115
1000009621
10227414
1000010681
1000083421
1000264894
10292354
1000085082
1000001595
1000089904
1000294754
10279199
176265
10376062
1000008845
1000001759
1000081124
10302570
1000004668
671243
793876
742791
1000005755
628903
1000352110
1000008146
1000001215
1000086162
185645
12961
10140422
824379
1000101141
1000097079
213163
1000092586
1000114166
1000062142
10162290
1000092534
800100
10270451
713993
1000204748
10345073
134989
10230079
1000002984
201678
1000002983
1000015504
1000105594
1000324325
1000343085
10296033
46438
1000336384
10108952
1000347842
1000010181
1000092950
1000098706
627730
1000352942
689628
10372407
1000016345
10066809
1000002403
1000335063
1000097462
10205439
1000091266
685567
1000344046
1000072622
1000003685
659245
1000296942
1000081681
1000302849
1000076462
10276102
